# Created by Octave 4.0.0, Sat Apr 23 15:50:43 2016 BRT <ithallo@Arch-1.local>
# name: training_set
# type: matrix
# rows: 72
# columns: 12
 0.9984515076292944 -0.2810370015831065 0.2937630018759081 0.1508874538591254 0 0 522.5418090820312 29.82421875 -12.04833984375 398.5171508789062 -31.5087890625 -294.9078369140625
 0.9984515076292944 -0.2810370015831065 0.3104038603363963 0.1462035038327403 0 0 522.5418090820312 29.82421875 -12.04833984375 398.5171508789062 -31.5087890625 -294.9078369140625
 1.183537487979507 -0.377210455989454 0.3301294851360548 0.1399166628995827 11.10515882101275 -5.77040726438085 602.0196533203125 41.575927734375 12.20947265625 491.7984008789062 -37.3974609375 -62.5396728515625
 1.299143248004695 -0.2319618229398479 0.3517818726027997 0.1360506325172519 6.936345601511285 8.714917982976367 710.8085632324219 33.621826171875 66.6558837890625 735.7058715820312 19.691162109375 19.112548828125
 1.953974439965975 1.922401745452014 0.3843481132688993 0.1680906616081188 39.28987151767682 129.2618141035117 836.3211822509766 72.6416015625 87.41455078125 855.487060546875 8.3551025390625 -21.8389892578125
 2.051504504709936 0.4966808954920676 0.4185398550140649 0.1763686765329866 5.851803884637619 -85.54325099759677 957.4122619628906 102.806396484375 146.4276123046875 551.0980224609375 -0.5694580078125 -64.9896240234375
 1.982541747930924 -0.2484604596478768 0.4515822174795803 0.1722276688721887 -4.137765406740712 -44.70848130839666 1107.216339111328 141.9580078125 226.0052490234375 421.856689453125 -52.7801513671875 -58.87939453125
 2.134040712529739 0.3318349713503377 0.4871495626884093 0.1777582517280276 9.089937875928911 34.81772585989287 1290.23211479187 155.225830078125 220.1971435546875 452.5360107421875 -86.47705078125 -53.7799072265625
 2.216231122039263 0.4263522285186916 0.5240867480557303 0.1848641222033391 4.93142457057143 5.671035430101234 1427.282838821411 140.6982421875 212.21923828125 437.7117919921875 -74.4561767578125 -69.1259765625
 2.203879397240218 0.3349970479844711 0.5608180713430673 0.1904474063364137 -0.7411034879426737 -5.481310832053232 1527.503128051758 74.849853515625 198.4478759765625 349.5684814453125 -62.4261474609375 -82.49267578125
 2.636396554042619 0.2180521449856521 0.6047580139104443 0.1940816087528412 25.95102940814407 -7.016694179929139 1635.828094482422 16.2744140625 152.7044677734375 324.80712890625 -59.1082763671875 -68.0950927734375
 2.877416826686403 -0.2970313861810947 0.6527149610218843 0.1891310856498229 14.46121635862703 -30.90501187000481 1754.183807373047 -80.31005859375 121.83837890625 221.898193359375 -82.6263427734375 -67.55859375
 2.483528214140227 -0.4576725010032145 0.6941070979242214 0.1815032106331027 -23.63331675277056 -9.638466889327191 1818.410797119141 -93.489990234375 159.9407958984375 169.6014404296875 -84.349365234375 -64.6929931640625
 1.828711016284581 -0.2345121614541412 0.7245856148622978 0.177594674608867 -39.28903187133876 13.3896203729444 1860.797424316406 -56.88720703125 212.808837890625 196.6424560546875 -51.064453125 -51.448974609375
 1.276645706735726 0.07630350070914282 0.7458630433078932 0.1788663996206861 -33.12391857293129 18.64893972979704 1904.321594238281 2.889404296875 225.003662109375 280.9844970703125 21.02783203125 -52.6263427734375
 0.4555604292869742 0.3587843369223176 0.7534557171293428 0.1848461385693914 -49.26511664692512 16.94885017279049 1887.200317382812 -32.95166015625 213.6419677734375 363.497314453125 84.722900390625 -66.68701171875
 -0.02310721874672517 0.3331629343700993 0.7530705968168974 0.1903988541422263 -28.72005888202196 -1.537284153133101 1896.211853027344 -26.063232421875 161.400146484375 383.21044921875 119.0533447265625 -70.7061767578125
 -0.6452943856043625 0.0560635628808992 0.742315690390158 0.191333246856908 -37.33123001145824 -16.625962289352 1920.357055664062 -2.86376953125 181.995849609375 329.718017578125 105.128173828125 -63.1988525390625
 -1.311476925022177 -0.1879291821760276 0.7204577416397884 0.1882010938206409 -39.97095236506887 -14.63956470341561 1907.276000976562 7.628173828125 190.968017578125 247.4578857421875 59.6319580078125 -63.9349365234375
 -1.715226135676602 0.2823415419499309 0.6918706393785117 0.1929067861864731 -24.2249526392655 28.21624344755751 1899.4921875 28.32275390625 146.37451171875 297.5372314453125 51.090087890625 -90.087890625
 -1.954888765619032 -0.5037462710589935 0.6592891599515278 0.1845110150021565 -14.37975779654579 -47.16526878053546 1910.13427734375 41.572265625 83.1280517578125 210.8203125 92.266845703125 -87.572021484375
 -1.945801769675297 0.2762029026030888 0.6268591304569395 0.189114396712208 0.5452197566240713 46.79695041972494 1935.27099609375 38.983154296875 25.601806640625 317.4114990234375 79.698486328125 -88.5626220703125
 -2.303957303004207 0.1739069182315411 0.5884598420735361 0.1920128453494003 -21.4893319997346 -6.137759062292858 1910.864868164062 56.143798828125 -0.02197265625 303.57421875 77.772216796875 -78.71337890625
 -2.566543562225734 0.02585845110247398 0.5456841160364405 0.1924438195344416 -15.7551755532916 -8.88290802774403 1890.510864257812 67.957763671875 -11.0174560546875 279.3182373046875 72.2259521484375 -85.8544921875
 -2.748541622267373 0.2269111561606163 0.499875088998651 0.1962256721371185 -10.91988360249836 12.06316230348854 1817.376708984375 81.712646484375 -8.1005859375 306.650390625 77.36572265625 -89.615478515625
 -2.871537959508057 0.07107228670977683 0.45201612300685 0.1974102102489481 -7.379780234441036 -9.350332167050368 1766.78466796875 93.065185546875 -29.6319580078125 277.44873046875 87.1820068359375 -82.7545166015625
 -2.812936619135433 0.1292324315402738 0.4051338460212595 0.1995640841079527 3.516080422357426 3.489608689829815 1728.12744140625 104.095458984375 -48.5211181640625 295.008544921875 63.4698486328125 -77.51953125
 -2.434639941557117 0.00915943448900336 0.3645565136619742 0.1997167413494361 22.69780065469895 -7.204379823076223 1710.2197265625 105.794677734375 -32.3236083984375 258.350830078125 58.7969970703125 -73.9617919921875
 -2.244725675108556 0.1254156110901228 0.3271444190768316 0.2018070015342714 11.39485598691365 6.975370596067165 1663.9599609375 77.633056640625 9.400634765625 278.8311767578125 37.3095703125 -66.990966796875
 -2.261757778339515 0.2402618419694136 0.2894484561045063 0.205811365567095 -1.021926193857503 6.890773852757448 1569.00146484375 22.174072265625 55.2301025390625 283.8519287109375 25.8782958984375 -78.61083984375
 -2.255361540289051 0.2509671563696436 0.2518590970996888 0.2099941515065891 0.3837742830278046 0.6423188640138022 1393.48388671875 30.34423828125 67.935791015625 302.991943359375 17.2705078125 -63.9990234375
 -1.816274774399487 -0.2058939154902006 0.2215878508596973 0.2065625862484191 26.34520595337388 -27.41166431159066 1225.45166015625 21.09375 53.1060791015625 243.4954833984375 17.87109375 -59.1522216796875
 -1.396999432470283 0.8754575416531285 0.1983045269851926 0.2211535452759712 25.15652051575223 64.88108742859976 1068.01025390625 19.57763671875 -2.9058837890625 441.5625 16.3330078125 -58.5992431640625
 -0.7039508773541847 0.9570837871180249 0.1865720123626229 0.2371049417279383 41.58291330696589 4.897574727893783 948.1640625 16.29638671875 -81.76025390625 418.10302734375 8.807373046875 -49.1015625
 0.05945139787815634 0.5933098052065766 0.1875628689939255 0.2469934384813812 45.80413651394046 -21.8264389146869 864.48486328125 15.098876953125 -147.7130126953125 460.3839111328125 8.4814453125 -52.0770263671875
 0.4782527764272704 0.9842850333008268 0.1955337486010467 0.263398189036395 25.12808271294684 23.45851368565501 727.15576171875 6.888427734375 -234.0509033203125 516.624755859375 3.9569091796875 -39.3804931640625
 0.6399414605876785 2.364559133446189 0.2061994396108413 0.3028075079271648 9.701321049624489 82.81644600872174 593.13720703125 11.707763671875 -300.9375 571.1187744140625 -15.7086181640625 -41.883544921875
